[ 1167.846646] [Project1] 1994 1588174054.881561578 1588174062.641711177
[ 1197.055974] [Project1] 2005 1588174090.940298219 1588174091.865706283
[ 1197.061612] [Project1] 2003 1588174090.945953138 1588174091.871360435
[ 1197.065384] [Project1] 2002 1588174090.949727661 1588174091.875135154
[ 1197.065472] [Project1] 2004 1588174090.941923024 1588174091.875226838
[ 1197.077535] [Project1] 2001 1588174090.961890665 1588174091.887297967
[ 1226.836856] [Project1] 2039 1588174120.527960778 1588174121.661463685
[ 1227.969991] [Project1] 2040 1588174121.661645226 1588174122.795147960
[ 1229.103187] [Project1] 2041 1588174122.795422932 1588174123.928925829
[ 1230.236398] [Project1] 2042 1588174123.929187186 1588174125.062690175
