[ 2361.098463] [Project1] 2328 1588175245.795409990 1588175256.490200218
[ 2406.536322] [Project1] 2336 1588175300.989275160 1588175301.950799944
[ 2408.458419] [Project1] 2337 1588175302.912317028 1588175303.873841694
[ 2410.380506] [Project1] 2340 1588175304.835368151 1588175305.796893489
[ 2412.302584] [Project1] 2341 1588175306.758410127 1588175307.719935201
[ 2414.224671] [Project1] 2342 1588175308.681456456 1588175309.642981523
[ 2416.146754] [Project1] 2343 1588175310.604504304 1588175311.566029904
[ 2418.068839] [Project1] 2344 1588175312.527551392 1588175313.489076330
[ 2419.991107] [Project1] 2345 1588175314.450597751 1588175315.412130146
[ 2421.913013] [Project1] 2346 1588175316.373646618 1588175317.335171390
